 health_score | device_count | percentage 
--------------+--------------+------------
         0.20 |         1017 |      84.40
         0.52 |          188 |      15.60
(2 rows)

 install_year | device_count |       avg_health       |       avg_uptime       
--------------+--------------+------------------------+------------------------
         2020 |           68 | 0.20941176470588235294 | 0.00097058823529411765
         2021 |          262 | 0.20977099236641221374 | 0.00113740458015267176
         2022 |          277 | 0.21501805054151624549 | 0.00154873646209386282
         2023 |          195 | 0.23938461538461538462 | 0.00423589743589743590
         2024 |          239 | 0.26560669456066945607 | 0.00733472803347280335
         2025 |          164 | 0.37951219512195121951 | 0.02756707317073170732
(6 rows)

